# chunk test header 1
# chunk test header 2
# Chunk Coord1 Coord2 Ncount c_rho v_mass v_mvx v_mvy v_mvz c_ke v_mvvxx v_mvvyy v_mvvzz v_mvvxy v_mvvxz v_mvvyz c_virial[1] c_virial[2] c_virial[3] c_virial[4] c_virial[5] c_virial[6]
100 4 6
1 0 0 2 1.0 4 0.4 0.0 0.0 1.2 0.9 0.8 0.7 0.10 0.05 0.02 100 90 80 10 5 2
2 1 0 1 1.2 2 0.2 0.1 0.0 0.8 0.5 0.4 0.3 0.06 0.03 0.01 70 65 60 6 3 1
3 0 1 0 0.0 0 0.0 0.0 0.0 0.0 0.0 0.0 0.0 0.00 0.00 0.00 0 0 0 0 0 0
4 1 1 3 1.5 6 0.6 0.2 0.1 1.8 1.3 1.2 1.1 0.20 0.08 0.05 130 120 110 12 8 4
200 4 8
1 0 0 2 1.8 4 0.5 0.1 0.0 1.3 1.0 0.9 0.8 0.11 0.06 0.03 110 100 90 11 6 3
2 1 0 2 2.0 4 0.4 0.2 0.1 1.4 1.1 1.0 0.9 0.12 0.07 0.04 120 110 100 12 7 4
3 0 1 1 1.1 2 0.2 0.0 0.0 0.7 0.4 0.3 0.2 0.05 0.02 0.01 60 55 50 5 2 1
4 1 1 3 2.2 6 0.7 0.3 0.2 2.0 1.5 1.4 1.3 0.22 0.10 0.06 140 130 120 14 9 5
